0: 0.000 0.000 0.000 0.000 0.000 0.000 0.000 0.000 0.000 0.000 0.000 0.000 0.000 0.000 0.000 0.000 
1: 0.000 0.383 0.707 0.924 1.000 0.924 0.707 0.383 -0.000 -0.383 -0.707 -0.924 -1.000 -0.924 -0.707 -0.383 
2: 0.000 0.707 1.000 0.707 -0.000 -0.707 -1.000 -0.707 0.000 0.707 1.000 0.707 -0.000 -0.707 -1.000 -0.707 
3: 0.000 0.924 0.707 -0.383 -1.000 -0.383 0.707 0.924 -0.000 -0.924 -0.707 0.383 1.000 0.383 -0.707 -0.924 
4: 0.000 1.000 -0.000 -1.000 0.000 1.000 -0.000 -1.000 0.000 1.000 -0.000 -1.000 0.000 1.000 -0.000 -1.000 
5: 0.000 0.924 -0.707 -0.383 1.000 -0.383 -0.707 0.924 -0.000 -0.924 0.707 0.383 -1.000 0.383 0.707 -0.924 
6: 0.000 0.707 -1.000 0.707 -0.000 -0.707 1.000 -0.707 0.000 0.707 -1.000 0.707 -0.000 -0.707 1.000 -0.707 
7: 0.000 0.383 -0.707 0.924 -1.000 0.924 -0.707 0.383 -0.000 -0.383 0.707 -0.924 1.000 -0.924 0.707 -0.383 
8: 0.000 -0.000 0.000 -0.000 0.000 -0.000 0.000 -0.000 0.000 -0.000 0.000 -0.000 0.000 -0.000 0.000 -0.000 
9: 0.000 -0.383 0.707 -0.924 1.000 -0.924 0.707 -0.383 -0.000 0.383 -0.707 0.924 -1.000 0.924 -0.707 0.383 
10: 0.000 -0.707 1.000 -0.707 -0.000 0.707 -1.000 0.707 0.000 -0.707 1.000 -0.707 -0.000 0.707 -1.000 0.707 
11: 0.000 -0.924 0.707 0.383 -1.000 0.383 0.707 -0.924 -0.000 0.924 -0.707 -0.383 1.000 -0.383 -0.707 0.924 
12: 0.000 -1.000 -0.000 1.000 0.000 -1.000 -0.000 1.000 0.000 -1.000 -0.000 1.000 0.000 -1.000 -0.000 1.000 
13: 0.000 -0.924 -0.707 0.383 1.000 0.383 -0.707 -0.924 -0.000 0.924 0.707 -0.383 -1.000 -0.383 0.707 0.924 
14: 0.000 -0.707 -1.000 -0.707 -0.000 0.707 1.000 0.707 0.000 -0.707 -1.000 -0.707 -0.000 0.707 1.000 0.707 
15: 0.000 -0.383 -0.707 -0.924 -1.000 -0.924 -0.707 -0.383 -0.000 0.383 0.707 0.924 1.000 0.924 0.707 0.383 
